.Random.seed <-
c(403L, 10L, 1436349074L, 2129297444L, 280768231L, 78070589L, 
1480293300L, -327374822L, -1269392539L, 1088488959L, 597493894L, 
1785115664L, -1952618829L, 1193203025L, 2098629888L, 1575196638L, 
1819055145L, 1174762459L, 22243562L, -2055772532L, -1380066865L, 
463129989L, 1391883836L, 1631886098L, 1276540941L, -739275961L, 
1706991918L, 1335904392L, -426979957L, -1876232855L, 969856824L, 
600824294L, -1039278719L, -128986861L, -1308315966L, -103167628L, 
530887031L, 719807085L, -1391858428L, -1146288086L, -1604303467L, 
-1006949841L, 1184823094L, -1997412512L, 272379299L, -1960917311L, 
1719533232L, -581666354L, -379630279L, -1027841717L, -1819270406L, 
-1524747268L, 1610871871L, 602524949L, 2133243436L, -1768563966L, 
-1571403811L, 1464169175L, 1830063550L, -455170056L, -626777125L, 
-1939743175L, 1546020744L, -215763146L, 1994499441L, -1066819677L, 
466110194L, 135147076L, 314306823L, 765741277L, 734698964L, -1758547718L, 
-550270907L, -802942817L, 313006630L, -1719693648L, -568757421L, 
-614637967L, -762010720L, -416554178L, -2037478839L, 1631182587L, 
-213713206L, -228663252L, -1925621713L, 2077698277L, 470778268L, 
-1170289678L, -1266788755L, 1630544807L, 1096678862L, 1180777256L, 
-113274581L, 1458490185L, -1541124008L, 1347945734L, -1653485343L, 
-1281824653L, 650085602L, -357977004L, 171342167L, 1869928781L, 
577715428L, -1131142966L, -2023961291L, 345285519L, -1195911018L, 
914999360L, 955379971L, -1236656863L, 204115472L, 1108041198L, 
1458590105L, -2032034261L, 500344602L, -1690378788L, 1815200735L, 
1739711413L, -1243677364L, -2039874654L, -1393167619L, -1854608393L, 
538703134L, 274282456L, 1917266235L, 1807048409L, -1841483160L, 
1651594134L, -770656495L, 1375785155L, 1381118162L, -1076382364L, 
-706139993L, 1604312573L, 868671476L, -129726246L, -545797595L, 
-2054912193L, -1461312314L, -1443456688L, 1171990899L, 729486225L, 
-542186048L, 1507663774L, -1182056087L, 113209755L, -514939734L, 
1397981900L, -1110848625L, 1043509189L, 2024723324L, 1771310034L, 
-1063736499L, -1541686777L, 1209854446L, -723041080L, 1261128651L, 
1539907113L, -1571793800L, -1131802202L, -1448037439L, -1605607341L, 
1496319746L, 298594868L, 1538090935L, 1728747437L, 1729184964L, 
417384682L, -624734379L, 848330991L, -1175271690L, 1665471008L, 
-1282918429L, -1097286527L, -754877712L, -1926164082L, 714981113L, 
-231494517L, -1896311622L, -1348661316L, 1483394303L, -633323435L, 
-1275391124L, 1818446786L, 881556509L, 1303190679L, 2052258302L, 
-1806460488L, -1033464421L, -835224583L, -1423842488L, -2119717258L, 
1879566257L, 17447395L, 219860658L, -767155452L, 19251271L, 1687914269L, 
-1499546220L, -1383202502L, 1673575813L, 1963251295L, -1422933786L, 
-1676311696L, -783424365L, 1757954353L, -1552742432L, 302509182L, 
961715977L, -485408453L, -693607158L, 288816364L, -2120283793L, 
322178725L, 1312440412L, 100997170L, 120090413L, -482877977L, 
1276895502L, 1797998312L, -1801434901L, -1651340919L, -980666088L, 
-1831654330L, -18647903L, 959273779L, 1357275810L, -286746220L, 
1167886359L, -535532240L, 711354148L, -1975818952L, 564971226L, 
-992067696L, -1517954308L, 925014932L, 2048455746L, -1480616704L, 
101443644L, 1878580560L, 1111377058L, -1334899896L, 1223065356L, 
-1107018020L, 293007186L, -615803264L, -1816864684L, 519939048L, 
1108044538L, -849521328L, 1383366444L, -924507276L, -1430903918L, 
-1618865568L, 398915468L, 2138724192L, -1916140574L, -252503128L, 
230411468L, 1983347196L, -393832526L, 1533584880L, -470104636L, 
-2067130024L, 1494338938L, 1719942576L, -2135809092L, 1638559828L, 
-1168207934L, -1486249952L, -1014320964L, -1004332464L, -1073756190L, 
-114622872L, -1144803764L, 89968892L, -85223438L, 103310592L, 
-1200200844L, -802414584L, 981324218L, -1148133936L, -930343956L, 
161024916L, 1506417618L, -1372756128L, -238681780L, 138686752L, 
-1211371646L, -1733982488L, -1101719316L, -1858341316L, -395791502L, 
-943163792L, 1052714020L, -669028552L, 59193498L, -1650872624L, 
-2097640260L, 1608051348L, -821271934L, -1192529728L, -780950212L, 
2089891984L, -176466398L, 1622143496L, -1151468276L, 2010546844L, 
2067772946L, 2031393152L, -651929068L, 314711592L, 275317050L, 
-1673401392L, -883634580L, 1421566772L, 1607623314L, -1041783456L, 
1424121164L, 1172780000L, 1014026146L, 379076520L, 1577297804L, 
223693500L, -225328270L, -1993324304L, -1576315836L, -589236904L, 
363401274L, -886320272L, -773946308L, 709421844L, 286979522L, 
1645571296L, 1619140476L, -111401264L, -935262L, -278137816L, 
1967644940L, -451650628L, -420778702L, -286267456L, -514316748L, 
-837553208L, 770321594L, 1757536144L, -1926995476L, 766886996L, 
-1238705518L, -1186469088L, 801884620L, -151002144L, 490548930L, 
1111205416L, 1052753580L, 199356092L, 812487154L, -710463184L, 
-609011548L, 1100602040L, 955148122L, -33710704L, -1829966468L, 
500672788L, -915942078L, 1582887680L, -158284868L, -296529072L, 
756469026L, 509294920L, 337292300L, 1623132L, 1968104658L, 169104384L, 
1791661908L, 528906728L, 1804313594L, -1230282032L, 1986301228L, 
1222960372L, -820739182L, -341380000L, -1781257972L, -760864032L, 
1258057058L, 179029672L, -956916148L, 138421116L, -1191899342L, 
-1497388432L, 1169039684L, -497838120L, 2217082L, -1376269776L, 
368817852L, 554661716L, 698607170L, 1811380128L, 1732420796L, 
1066377680L, -141553310L, 1352863720L, -1046342708L, -1198708996L, 
-143268878L, 1296034944L, -505411340L, -72941432L, -1906204358L, 
1408273232L, 354254956L, -1425195884L, 1051477330L, -533550368L, 
-435999540L, 1109529760L, -599362174L, 1654031592L, -21551892L, 
-923953092L, 2004061298L, -1758610320L, -884911580L, -2064038344L, 
936239642L, 2076265680L, -2076053956L, -1016874860L, 697189506L, 
1164878784L, -2050070212L, 34156176L, 1955615778L, 987127816L, 
1683833996L, -364528612L, -360423278L, 795499648L, 88615956L, 
867587880L, 584466490L, -370870064L, 1042378860L, -1460500812L, 
-847819758L, -1241512992L, 1224577996L, 2102884832L, -1516910558L, 
1632947496L, -890900212L, 1839084092L, 756500722L, -1330819856L, 
-2044182716L, -853926824L, -886344953L, -953931024L, -1580543346L, 
-1774310213L, -970266467L, 411415626L, 468479592L, -115047855L, 
-694714045L, -1520306108L, 204634866L, -1067744569L, -1945829231L, 
-1632612842L, -1559344012L, -1280964859L, -636631729L, 1641936712L, 
217120486L, -1535582189L, -595216523L, -1154402478L, -1806372960L, 
2099600009L, -1169809733L, -246534900L, 920768666L, 196027919L, 
-529165735L, -836907282L, 432983420L, 2083401197L, 257542807L, 
660014432L, -798572226L, -1378547189L, 553258637L, 1465693114L, 
1600563704L, 697447841L, -1188230317L, 2141659764L, -2018647038L, 
1011525271L, -428085151L, 1567403174L, 1792490660L, 965188949L, 
2092013055L, 251608216L, -1018590794L, -1196363197L, -481912955L, 
1580233762L, 273979152L, -136338759L, -1956767893L, 1659041372L, 
1689172874L, 1162277759L, -1756455223L, 1623283550L, -2145031156L, 
1827007453L, -1632555289L, -1879765232L, -1556988370L, -604928805L, 
-123008579L, 1485678378L, 404324296L, 1240634609L, -1735218589L, 
69881444L, 650286482L, 1841250919L, 1501157937L, 2056738678L, 
2126101652L, -1871441243L, 1161674671L, 1782455400L, 1285247046L, 
-309537293L, -670752427L, 566203186L, 447555328L, -1415212055L, 
-1492726181L, -1916456788L, 875091642L, -1308474257L, 1785430521L, 
-1457417074L, 701373788L, 1612893645L, -1521315529L, 318610368L, 
-1870670690L, -582305429L, -399122195L, 331184474L, 533840408L, 
-1814741119L, 948358451L, -792075436L, -1147628190L, 1319953911L, 
-1225871807L, -1551439162L, -1154204668L, 319601589L, -1529867105L, 
530587896L, -452478762L, -422825629L, 1945222437L, 157018818L, 
264374192L, 1570511833L, -2036460213L, -2027662404L, -351765526L, 
-298656737L, 169335465L, -1379643842L, 1933181740L, -1982288515L, 
-241253433L, 604934832L, 1303875790L, -995538437L, -139376035L, 
900687242L, 1911045544L, 1851573009L, 1258746371L, 1288602884L, 
